GloVe100
FH
2,4,6,8,10
100,200,500,1000,2000,5000,10000,20000,50000,100000,200000,400000,600000,800000
FH-
2,4,6,8,10
1000,2000,5000,10000,20000,50000,100000,200000,400000,600000,800000
NH
1000,5000,10000,50000,100000,200000,400000,600000,800000,1000000,1100000,1150000
EH
10000,50000,100000,300000,500000,800000,1000000,1100000,1150000
BH
10000,50000,100000,300000,500000,800000,1000000,1100000,1150000
MH
10000,50000,100000,300000,500000,800000,1000000,1100000,1150000
Random_Scan
50000,100000,300000,500000,600000,800000,1000000,1200000
Sorted_Scan
1100000,1120000,1150000,1180000,1181000,1182000,1200000

Msong
FH
2,4,6,8,10
10,20,50,100,200,500,1000,2000,5000
FH-
2,4,6,8,10
10,20,50,100,200,500,1000,5000,10000,50000
NH
10,20,50,100,200,500,1000,2000,5000,10000,20000,50000,100000
EH
5000,10000,50000,100000,200000,400000,600000,800000,900000,990000
BH
5000,10000,50000,100000,200000,400000,600000,800000,900000,990000
MH
5000,10000,50000,100000,200000,400000,600000,800000,900000,990000
Random_Scan
50000,100000,300000,500000,600000,800000,1000000
Sorted_Scan
10,50,100,200,300,500,1000,5000,10000,50000,100000

Music
FH
2,4,6,8,10
1000,2000,5000,10000,20000,50000,100000,200000,400000,600000,800000
FH-
2,4,6,8,10
1000,5000,10000,20000,30000,50000,100000,200000,300000,400000,600000,800000
NH
1000,5000,10000,20000,50000,100000,200000,400000,600000,800000,900000,990000
EH
10000,50000,100000,200000,400000,600000,800000,900000,990000
BH
10000,50000,100000,200000,400000,600000,800000,900000,990000
MH
10000,50000,100000,200000,400000,600000,800000,900000,990000
Random_Scan
50000,100000,200000,400000,600000,800000,1000000
Sorted_Scan
950000,970000,980000,990000,995000,998000,1000000

Tiny1M
FH
2,4,6,8,10
200,500,1000,2000,5000,10000,20000,50000,100000,200000,400000
FH-
2,4,6,8,10
200,500,1000,2000,5000,10000,20000,50000,100000,200000,400000
NH
1000,5000,10000,50000,100000,200000,400000,600000,800000
EH
10000,50000,100000,300000,500000,700000,900000,990000
BH
10000,50000,100000,300000,500000,700000,900000,990000
MH
10000,50000,100000,300000,500000,700000,900000,990000
Random_Scan
50000,100000,300000,500000,600000,800000,1000000
Sorted_Scan
1000,5000,10000,50000,100000,500000,1000000

Yelp
FH
2,4,6,8,10
200,500,1000,2000,5000,10000,20000,30000,40000,50000,60000
FH-
2,4,6,8,10
1000,2000,5000,10000,20000,40000,60000
NH
200,500,1000,2000,5000,10000,20000,30000,60000,70000,75000
EH
5000,10000,20000,30000,40000,50000,60000,70000,75000
BH
5000,10000,20000,30000,40000,50000,60000,70000,75000
MH
5000,10000,20000,30000,40000,50000,60000,70000,75000
Random_Scan
5000,10000,20000,30000,40000,60000,75000,78000
Sorted_Scan
50000,55000,60000,65000,70000,75000,78000
